EXP3S_data: 37271.15385705874
CUSUM_data: 10512.787280367871
DS_UCB_data: 34992.47187590501
SW_TS_data: 31419.483645420576
TS_data: 15593.878545662363
LBSDA_data: 8084.088277264133
M_UCB_data: 14407.958718835283
DS_TS_data: 4404.584035735656
T : 100000, arms : 50, breakpoints: 5 

